52.4387038,31.0051148,1,#F18111
52.4408254,31.0033406,1,#F18111
52.4432380,31.0123915,1,#F18111
52.4426046,31.0113946,1,#F18111
52.4429228,31.0126833,1,#F18111
52.4425154,31.0136386,1,#F18111
52.4423872,31.0124383,1,#F18111
52.4377487,31.0018972,1,#F18111
52.4375280,31.0009731,1,#F18111
52.4378979,31.0006498,1,#F18111
52.4379020,31.0000015,1,#F18111
52.4379176,31.0009029,1,#F18111
52.4382913,31.0003146,1,#F18111
52.4375959,31.0005335,1,#F18111
52.4360789,31.0160465,1,#F18111
52.4354974,31.0128680,1,#F18111
52.4350716,30.9918475,1,#F18111
52.4329644,30.9931309,1,#F18111
52.4361094,31.0125455,1,#F18111
52.4309153,31.0155771,1,#F18111
52.4413933,31.0103541,1,#F18111
52.4406354,31.0067140,1,#F18111
52.4403165,31.0012630,1,#F18111
52.4428150,31.0097780,1,#F18111
52.4433429,31.0120710,1,#F18111
52.4403279,31.0126257,1,#F18111
52.4358351,31.0110134,1,#F18111
52.4320752,31.0118246,1,#F18111
52.4347489,31.0154361,1,#F18111
52.4363193,31.0044619,1,#F18111
52.4357614,31.0023218,1,#F18111
52.4380831,31.0030639,1,#F18111
52.4388459,31.0024640,1,#F18111
52.4425974,30.9994103,1,#F18111
52.4422513,31.0099642,1,#F18111
52.4315057,30.9941506,1,#F18111
52.4316522,30.9935549,1,#F18111
52.4389986,30.9997643,1,#F18111
52.4408707,30.9982824,1,#F18111
52.4428198,30.9967039,1,#F18111
52.4341325,31.0035861,1,#F18111
52.4343876,30.9940218,1,#F18111
52.4366536,30.9980209,1,#F18111
52.4364050,30.9971026,1,#F18111
52.4360835,30.9960458,1,#F18111
52.4344586,30.9973285,1,#F18111
52.4369672,30.9912063,1,#F18111
52.4382935,30.9899909,1,#F18111
52.4399974,30.9898321,1,#F18111
52.4431043,30.9904973,1,#F18111
52.4396542,30.9937341,1,#F18111
52.4432563,30.9917740,1,#F18111
52.4430748,30.9937776,1,#F18111
52.4399741,30.9859260,1,#F18111
52.4377183,31.0004730,1,#F18111
52.4317992,30.9943069,1,#F18111
52.4335292,31.0004570,1,#F18111
52.4310593,30.9937689,1,#F18111
52.4315321,30.9921820,1,#F18111
52.4426765,31.0122805,1,#F18111
52.4407253,31.0034218,1,#F18111
52.4330336,31.0043799,1,#F18111
52.4421276,31.0100144,1,#F18111
52.4316230,30.9932752,1,#F18111
52.4402389,31.0013817,1,#F18111
52.4398352,30.9991910,1,#F18111
52.4424535,31.0011162,1,#F18111
52.4344595,31.0148782,1,#F18111
52.4413222,31.0062926,1,#F18111
52.4396292,31.0088433,1,#F18111
52.4390229,31.0091103,1,#F18111
52.4396316,30.9939499,1,#F18111
52.4383086,30.9954216,1,#F18111
52.4393799,30.9966620,1,#F18111
52.4332598,31.0095873,1,#F18111
52.4315725,30.9926339,1,#F18111
52.4322216,30.9933879,1,#F18111
52.4335961,30.9927441,1,#F18111
52.4386675,31.0026009,1,#F18111
52.4373465,31.0004312,1,#F18111
52.4375102,31.0007417,1,#F18111
52.4424846,31.0115290,1,#F18111
52.4376098,31.0011144,1,#F18111
52.4380962,30.9977696,1,#F18111
52.4384316,30.9941511,1,#F18111
52.4322057,31.0048991,1,#F18111
52.4323028,31.0049988,1,#F18111
52.4321876,31.0050858,1,#F18111
52.4387009,30.9920257,1,#F18111
52.4392849,30.9859502,1,#F18111
52.4377916,31.0143466,1,#F18111
52.4394303,30.9859326,1,#F18111
52.4350620,31.0145792,1,#F18111
52.4357580,31.0110522,1,#F18111
52.4430504,31.0157282,1,#F18111
52.4379885,30.9989622,1,#F18111
52.4398031,31.0131155,1,#F18111
52.4409193,30.9858578,1,#F18111
52.4349214,30.9919038,1,#F18111
52.4355906,30.9917231,1,#F18111
52.4402774,31.0011032,1,#F18111
52.4317719,31.0053128,1,#F18111
52.4343759,31.0033978,1,#F18111
52.4428912,31.0138688,1,#F18111
52.4355201,31.0129910,1,#F18111
52.4432923,30.9913529,1,#F18111
52.4392943,30.9977439,1,#F18111
52.4395463,30.9985135,1,#F18111
52.4395284,30.9990178,1,#F18111
52.4395581,30.9988631,1,#F18111
52.4396424,30.9992732,1,#F18111
52.4397464,30.9987685,1,#F18111
52.4397810,30.9987982,1,#F18111
52.4392259,30.9995839,1,#F18111
52.4393238,30.9994653,1,#F18111
52.4397729,30.9995623,1,#F18111
52.4400852,30.9989313,1,#F18111
52.4393572,30.9899076,1,#F18111
52.4321707,31.0050472,1,#F18111
52.4322980,31.0049606,1,#F18111
52.4385874,30.9927131,1,#F18111
52.4351503,31.0114132,1,#F18111
52.4400376,31.0109614,1,#F18111
52.4362622,31.0019381,1,#F18111
52.4329970,31.0044117,1,#F18111
52.4340203,30.9925158,1,#F18111
52.4332997,30.9933671,1,#F18111
52.4379196,30.9997956,1,#F18111
52.4395295,30.9950297,1,#F18111
52.4391490,30.9940711,1,#F18111
52.4384024,30.9944722,1,#F18111
52.4384183,31.0042012,1,#F18111
52.4375926,31.0013621,1,#F18111
52.4426222,31.0134096,1,#F18111
52.4385832,30.9898659,1,#F18111
52.4396735,30.9898834,1,#F18111
52.4398322,30.9898786,1,#F18111
52.4339370,30.9937548,1,#F18111
52.4338163,30.9936801,1,#F18111
52.4374551,31.0144520,1,#F18111
52.4379008,31.0004466,1,#F18111
52.4373175,31.0011047,1,#F18111
52.4374364,31.0009329,1,#F18111
52.4374307,31.0007375,1,#F18111
52.4375468,31.0011020,1,#F18111
52.4411342,30.9980591,1,#F18111
52.4427608,30.9974339,1,#F18111
52.4396532,31.0018318,1,#F18111
52.4373857,31.0010833,1,#F18111
52.4388498,31.0021108,1,#F18111
52.4356724,31.0138621,1,#F18111
52.4338165,30.9926226,1,#F18111
52.4384587,30.9920918,1,#F18111
52.4385892,30.9926593,1,#F18111
52.4393585,30.9897400,1,#F18111
52.4385320,30.9906385,1,#F18111
52.4397018,30.9932210,1,#F18111
52.4399851,30.9900985,1,#F18111
52.4324278,30.9933304,1,#F18111